18
0
10 3 1879.808456 14 1335.897981 4 954.700235 23 345.779458 18 229.462713 17 59.504183 15 58.251846 13 43.267976 7 22.049368 11 11.177706 
1
10 22 969.597033 20 540.518475 7 453.644455 11 328.753413 17 272.352031 13 241.902137 18 101.422218 24 16.497332 14 15.127913 3 5.019693 
2
10 12 1171.447427 9 931.933890 8 328.748409 6 180.042412 16 110.996673 5 22.793559 21 4.383747 24 0.703359 20 0.007601 19 0.002024 
3
10 14 2078.095392 0 1879.808456 18 684.517293 4 455.673172 17 203.645245 13 146.610182 23 95.789830 7 83.784819 11 41.750292 15 10.755425 
4
10 23 976.746796 0 954.700235 3 455.673172 15 341.130762 14 150.344399 10 37.163259 18 19.746331 19 9.058591 17 7.131836 13 3.733510 
5
10 21 2052.107843 6 1471.107837 24 1107.483621 9 208.068172 20 59.450210 2 22.793559 22 9.284626 12 4.995224 8 0.348808 1 0.264696 
6
10 5 1471.107837 21 774.764870 9 747.368981 24 233.080254 2 180.042412 12 40.897701 20 6.770989 8 2.946830 22 0.820938 16 0.723215 
7
10 17 1946.360068 18 1427.947077 13 1276.661016 11 1097.413305 1 453.644455 14 236.630305 22 110.688799 3 83.784819 20 24.604503 0 22.049368 
8
10 16 805.374333 12 749.961888 2 328.748409 9 44.227008 6 2.946830 19 1.056666 5 0.348808 10 0.085366 21 0.048824 15 0.023857 
9
10 2 931.933890 6 747.368981 12 468.019639 5 208.068172 21 48.916851 8 44.227008 16 9.736630 24 8.470289 20 0.122074 22 0.019296 
10
10 15 407.705591 23 189.718913 19 187.645524 4 37.163259 0 2.220771 3 0.936174 16 0.381407 8 0.085366 14 0.028630 18 0.001692 
11
10 7 1097.413305 17 940.040308 13 908.003804 18 465.489074 1 328.753413 22 105.557337 14 92.960192 3 41.750292 20 34.864467 0 11.177706 
12
10 2 1171.447427 8 749.961888 9 468.019639 16 388.555481 6 40.897701 5 4.995224 21 1.063854 24 0.129939 19 0.035327 20 0.001507 
13
10 17 1372.263085 7 1276.661016 18 1215.904378 11 908.003804 14 332.225472 1 241.902137 3 146.610182 22 47.641974 0 43.267976 20 9.645349 
14
10 3 2078.095392 0 1335.897981 18 1319.641790 17 532.320043 13 332.225472 7 236.630305 4 150.344399 11 92.960192 23 26.477293 1 15.127913 
15
10 23 850.268709 10 407.705591 4 341.130762 19 75.877918 0 58.251846 3 10.755425 14 3.329607 18 0.103969 16 0.073534 13 0.047133 
16
10 8 805.374333 12 388.555481 2 110.996673 9 9.736630 19 6.175739 6 0.723215 10 0.381407 15 0.073534 5 0.066033 21 0.009681 
17
10 18 2040.198978 7 1946.360068 13 1372.263085 11 940.040308 14 532.320043 1 272.352031 3 203.645245 0 59.504183 22 48.569138 20 7.223800 


